90 2804
2 88
42 48
47 57
41 63
9 45
61 83
37 64
72 85
26 44
75 80
9 87
34 55
65 67
1 19
2 48
4 44
57 64
11 48
67 74
47 56
38 85
44 69
54 68
17 81
23 78
58 87
1 57
28 55
11 89
40 87
23 80
68 86
39 44
19 65
45 74
10 13
60 90
23 52
62 80
24 61
8 59
5 77
68 82
57 90
3 84
64 71
16 56
56 85
43 79
33 53
3 13
19 37
77 86
28 63
72 83
20 84
23 55
33 58
8 70
15 79
2 21
10 47
2 44
10 71
25 75
12 46
15 60
46 73
38 86
1 64
12 35
85 86
45 62
60 85
38 80
65 83
12 34
25 71
6 44
66 89
16 58
16 49
76 77
59 83
17 36
25 39
70 83
25 73
4 32
39 66
8 84
29 40
10 31
9 44
11 65
53 67
58 88
73 76
62 68
30 87
8 43
29 61
36 89
2 3
11 28
48 67
68 77
34 81
42 50
2 14
64 77
4 22
4 59
33 83
1 40
73 87
23 65
22 75
3 7
27 36
43 61
28 40
56 78
30 34
22 46
15 81
22 50
59 72
36 42
76 80
45 69
29 82
6 83
38 44
21 43
32 56
53 75
23 73
54 60
21 23
13 42
70 78
65 80
60 88
55 76
10 79
72 87
34 60
62 72
41 48
69 76
44 87
6 10
27 88
50 72
72 80
4 25
26 87
7 74
25 66
4 41
19 33
5 25
60 76
16 66
21 42
24 40
50 73
62 69
18 61
2 29
14 61
1 58
45 59
48 66
9 22
17 62
13 32
13 20
24 86
58 83
12 51
12 37
29 67
46 72
8 72
4 18
12 66
41 62
52 60
13 65
11 90
14 57
23 53
27 41
23 76
3 12
10 33
17 83
28 56
33 36
43 60
35 65
26 61
42 65
17 37
37 69
49 57
48 79
27 85
5 85
36 47
5 79
24 47
70 90
29 70
18 71
73 82
8 64
19 60
27 89
32 63
15 61
1 74
8 41
5 30
29 53
29 63
43 50
9 20
5 68
53 77
14 53
45 54
7 88
17 48
5 88
22 84
69 85
42 67
24 87
72 76
2 57
24 33
39 75
3 26
53 74
34 44
26 55
30 88
22 76
60 79
15 28
12 73
60 86
8 15
57 65
3 18
12 41
15 29
18 30
16 18
25 43
27 60
3 41
5 51
81 86
6 78
54 85
29 83
51 56
67 69
23 72
25 29
80 85
57 74
17 84
13 16
37 87
5 12
45 81
20 60
13 15
29 42
37 79
47 68
28 47
3 73
17 75
11 13
41 47
63 84
31 62
11 21
10 73
53 64
57 68
18 56
8 45
31 86
60 81
8 27
9 58
79 90
33 60
29 74
21 73
21 77
5 41
5 89
12 40
9 90
68 76
4 39
3 6
4 55
11 34
52 76
56 60
28 41
20 61
52 81
62 90
74 87
51 84
49 78
39 77
1 9
33 43
16 67
22 26
36 74
31 75
74 82
41 72
12 45
19 67
8 81
12 47
16 86
65 86
38 48
8 23
46 63
48 83
20 86
12 43
41 51
70 75
7 26
10 30
10 59
22 73
49 81
12 24
14 75
9 27
32 39
81 90
7 19
35 56
38 75
6 80
1 18
6 38
34 62
64 84
21 88
19 51
29 73
24 26
19 36
40 81
54 83
5 9
10 16
72 90
3 86
21 31
10 32
7 25
50 59
42 51
3 54
22 79
47 64
83 90
12 28
7 85
65 73
49 62
36 49
56 59
16 43
65 90
2 61
71 87
52 84
2 68
22 67
26 35
23 74
10 39
32 65
52 56
64 75
13 19
62 87
5 33
52 68
30 85
40 54
14 58
82 87
8 60
34 72
4 65
53 62
71 74
12 23
38 83
30 78
66 79
35 41
38 40
67 72
16 27
61 74
27 28
17 53
30 81
2 38
13 75
1 69
26 50
35 71
46 62
1 34
1 20
19 66
80 87
8 71
67 75
83 84
79 84
20 83
3 46
47 52
46 74
1 81
67 80
2 66
26 32
46 89
42 72
41 81
64 90
62 65
68 83
23 51
42 83
23 88
25 32
18 62
26 57
62 66
5 55
18 41
12 68
25 52
31 43
9 65
55 79
22 27
46 71
4 7
9 78
10 75
9 42
21 25
10 62
64 78
13 23
78 88
20 70
57 85
86 89
22 82
9 59
15 51
11 51
17 49
6 15
73 90
5 18
70 80
16 81
15 19
18 63
6 60
70 85
21 51
11 24
7 30
47 81
43 89
18 68
68 85
20 57
34 86
12 72
67 87
10 85
15 43
7 76
7 10
40 42
1 78
16 65
4 24
30 86
58 72
67 90
24 73
38 41
34 52
79 88
15 33
65 70
84 89
38 54
74 88
62 84
28 88
3 69
33 77
10 35
50 67
14 86
46 59
34 63
9 48
76 78
55 71
35 44
8 74
24 48
7 9
23 35
38 66
63 82
12 70
9 79
43 45
28 84
7 75
49 56
9 24
17 32
4 69
59 68
11 18
53 79
58 78
15 86
23 61
52 78
24 75
28 78
4 86
61 73
81 87
72 74
4 46
37 43
47 55
48 68
22 89
19 82
49 73
2 36
2 58
8 69
42 86
59 64
43 71
13 69
66 88
11 23
25 50
1 14
49 86
59 60
9 35
45 70
88 90
9 52
15 72
22 59
54 62
47 89
8 68
71 78
66 82
84 90
27 29
32 60
31 81
37 59
52 90
30 37
11 46
43 63
28 74
1 42
74 78
20 65
59 62
55 87
84 85
70 71
4 47
49 66
22 29
15 74
51 53
18 89
20 30
89 90
6 65
14 74
7 49
31 78
2 13
45 63
38 45
43 68
15 47
45 75
14 27
78 79
1 60
7 34
41 52
22 49
18 33
14 16
18 46
82 90
27 64
13 57
29 60
14 63
27 61
40 45
78 83
3 70
45 85
3 55
56 86
48 76
12 15
40 68
34 74
63 66
34 46
21 54
21 30
62 63
6 56
5 28
57 67
1 47
28 35
31 66
11 32
45 84
24 34
19 56
50 58
59 61
31 44
7 71
19 71
57 70
23 64
24 76
37 90
11 85
2 53
33 56
49 63
36 61
32 83
74 90
31 52
16 63
33 40
1 48
19 29
24 67
35 36
57 58
59 67
6 29
64 74
16 40
36 40
58 65
9 84
49 68
30 41
53 58
38 52
9 71
1 16
31 45
11 35
13 88
26 86
27 75
34 84
43 53
9 83
34 43
19 52
69 87
44 61
48 82
8 40
15 73
51 59
44 88
14 38
44 77
44 74
5 20
29 37
27 37
6 49
4 79
28 36
18 66
40 85
40 52
30 47
58 63
17 79
22 52
8 85
11 42
34 83
63 74
43 52
14 89
8 13
47 54
29 62
64 86
25 41
46 65
52 70
24 30
10 17
48 74
20 47
40 86
71 86
1 8
28 86
42 89
18 35
17 24
73 83
8 46
1 24
65 79
40 65
64 88
28 54
58 86
24 55
8 17
55 78
55 77
34 65
56 63
7 38
25 72
45 79
13 63
13 70
6 76
12 30
39 81
25 63
21 63
34 85
28 30
35 90
19 86
43 66
68 78
46 86
24 41
63 69
45 80
7 36
58 74
37 75
84 88
11 63
19 88
48 72
14 84
34 59
4 85
24 54
58 73
34 66
29 86
1 11
5 43
37 38
24 43
56 73
22 71
4 20
40 74
31 72
48 52
11 45
70 77
30 45
29 80
19 84
46 76
26 48
3 64
37 82
54 65
10 57
32 70
45 67
44 70
63 72
43 62
45 57
20 62
1 62
57 63
61 75
32 80
13 37
9 40
58 82
16 55
1 31
20 39
52 72
14 42
20 80
12 27
18 57
36 75
4 50
21 34
14 88
32 37
3 25
21 68
30 35
15 62
28 87
49 67
4 68
13 36
16 69
7 80
67 77
20 29
29 88
41 44
38 68
9 37
48 61
40 72
14 40
10 83
21 62
39 83
5 26
20 55
9 26
16 41
7 77
29 43
33 41
48 81
68 73
8 31
30 83
30 61
42 75
49 85
2 24
2 56
14 81
24 44
48 56
54 80
10 37
3 30
14 68
53 83
51 83
14 19
13 71
10 78
35 78
56 74
8 57
37 74
1 5
25 26
33 76
25 85
10 51
9 63
85 87
32 79
5 32
32 84
57 83
7 58
74 86
49 80
9 57
5 50
46 54
4 33
15 63
75 79
26 43
21 65
4 43
22 74
42 74
19 87
36 82
51 63
31 37
21 71
59 73
11 40
50 69
16 34
14 21
50 75
16 57
9 12
41 83
27 80
46 56
11 58
55 74
8 89
29 38
69 79
59 90
36 63
43 47
75 76
33 74
45 86
9 76
6 77
3 82
25 84
25 53
63 86
55 69
78 89
19 38
10 72
5 53
21 60
64 65
37 80
2 70
3 50
17 23
1 84
42 79
17 52
19 74
34 68
56 88
7 16
1 66
1 51
29 89
20 58
16 22
43 90
23 57
41 85
65 87
12 38
8 78
6 51
65 76
66 75
19 70
52 79
32 55
48 71
11 84
24 58
32 81
25 28
15 16
15 84
23 85
65 82
22 25
49 65
2 42
27 86
41 50
21 48
28 80
14 20
2 76
44 46
16 39
6 90
22 54
6 26
55 61
35 48
51 70
11 15
35 38
18 47
33 37
28 31
19 54
60 65
52 86
2 90
25 64
60 82
63 89
1 46
15 78
54 67
34 48
23 62
8 54
45 50
34 56
66 68
6 36
37 72
40 44
17 28
8 66
2 7
36 56
41 49
38 87
21 32
10 25
56 61
23 50
2 8
43 64
1 83
8 83
43 55
62 81
4 49
18 36
61 64
15 37
10 21
53 85
5 22
41 61
5 60
35 40
4 26
5 7
42 84
11 82
32 69
20 53
19 72
26 34
11 33
6 57
19 42
54 71
3 76
8 82
21 78
54 73
75 82
26 60
27 33
63 71
34 80
55 72
7 44
51 72
19 41
10 50
25 35
67 70
57 78
5 36
16 90
41 43
42 80
20 31
30 69
16 17
5 62
35 59
28 69
70 76
49 59
1 21
54 59
17 34
20 89
16 70
52 83
44 54
78 81
15 88
57 77
42 64
49 70
30 52
27 58
7 73
20 79
26 88
27 63
8 86
52 82
17 40
36 65
60 83
41 69
16 30
3 5
30 49
51 89
79 81
39 48
38 74
7 46
16 61
26 90
17 60
21 45
28 48
46 69
60 73
49 82
19 22
26 49
22 38
10 58
17 77
6 23
58 85
61 89
36 78
8 55
77 89
14 67
56 68
50 62
76 82
66 83
3 19
37 51
45 68
41 67
8 29
19 85
33 84
8 21
55 58
19 49
6 66
11 26
4 28
70 87
85 88
63 64
2 9
33 59
4 72
9 69
11 53
13 18
61 76
27 53
47 88
70 72
20 52
49 60
2 46
2 54
61 67
30 67
65 71
20 49
5 27
27 43
41 71
23 60
24 36
31 32
10 44
32 72
32 35
11 61
67 89
13 55
74 79
28 71
57 82
16 84
20 44
72 79
52 74
4 84
22 39
39 89
82 85
10 84
12 63
57 89
18 58
13 81
9 14
28 50
17 71
46 85
25 56
21 57
50 81
11 14
4 11
24 72
37 77
21 47
18 24
44 80
1 67
23 45
20 36
10 61
32 54
12 59
53 81
21 70
34 54
12 77
41 59
29 68
41 77
14 56
61 65
56 66
9 60
26 56
33 38
5 37
36 66
55 67
70 86
22 41
2 78
25 58
39 80
38 47
10 49
64 81
31 71
33 54
17 55
16 78
30 57
23 70
32 36
44 67
21 89
48 62
20 56
1 88
53 59
34 79
5 78
3 80
37 66
60 78
30 71
45 73
24 88
33 66
38 77
56 82
32 42
1 3
11 25
19 80
22 33
25 44
20 63
32 62
1 4
11 64
42 70
8 22
34 76
24 28
18 52
55 65
74 83
21 76
25 74
14 37
42 52
18 64
54 82
69 81
16 74
45 78
21 50
37 58
4 60
50 86
31 88
29 49
6 39
52 65
3 72
11 79
1 13
35 76
58 90
67 68
30 46
35 49
20 85
18 44
21 41
7 18
55 89
15 80
15 71
11 88
35 39
5 76
61 77
20 72
45 60
40 70
36 69
24 89
39 40
66 67
41 74
31 87
20 90
62 75
40 71
7 78
21 64
27 50
27 76
41 65
27 30
48 65
10 45
17 47
71 75
56 65
21 35
7 52
41 84
48 49
2 15
47 48
9 34
78 84
68 81
26 53
24 49
51 55
34 58
56 87
1 63
12 83
24 37
16 50
38 58
19 76
16 28
12 14
52 55
29 34
26 77
55 83
2 49
39 79
65 81
12 69
9 86
30 65
52 73
19 24
32 87
26 28
3 16
68 84
31 58
33 70
28 68
14 72
4 80
17 25
5 10
27 57
45 89
22 63
25 30
35 67
14 79
80 88
43 74
32 43
85 90
63 87
49 77
10 69
54 78
31 53
58 66
36 85
68 72
13 62
33 42
42 78
13 38
6 54
49 69
33 39
21 79
9 28
8 75
3 23
52 69
2 63
3 63
57 60
54 79
23 46
44 58
24 45
12 65
75 81
4 35
21 24
17 56
40 78
50 76
26 42
17 43
29 69
8 18
71 73
32 34
36 87
45 72
54 86
7 35
8 42
10 38
21 80
38 51
57 76
12 87
3 14
40 60
12 71
62 86
58 79
16 25
6 9
2 28
1 70
4 61
27 54
2 16
34 38
47 86
31 59
69 80
45 76
79 82
55 84
79 89
64 82
40 46
41 78
43 80
39 88
33 67
43 58
27 68
42 43
38 60
1 90
21 66
16 77
7 68
7 23
45 61
3 56
77 82
1 85
20 77
51 86
41 70
48 55
51 57
32 50
1 35
49 54
41 53
40 67
34 42
37 57
14 73
51 75
38 49
11 75
4 34
40 50
40 43
50 88
36 73
25 42
12 49
8 56
17 42
6 33
54 63
4 82
4 21
33 86
13 58
57 79
38 50
4 23
20 88
40 84
15 70
47 70
34 67
5 73
65 74
25 40
26 52
3 62
18 83
18 88
39 45
26 83
1 73
34 57
2 52
16 52
85 89
16 54
10 63
36 62
16 46
25 79
68 79
8 24
2 80
2 69
40 82
8 73
25 49
12 85
3 8
16 85
24 80
35 64
11 55
33 64
13 72
50 71
40 48
57 88
31 80
11 78
29 55
2 79
3 9
69 83
12 32
44 56
25 51
18 50
54 89
9 68
35 73
50 77
8 61
30 59
25 46
14 39
22 66
71 85
7 69
15 44
12 29
44 90
5 84
4 56
64 73
1 49
43 69
59 82
2 62
19 90
48 54
40 69
33 73
19 40
67 76
40 47
7 65
13 67
23 41
27 45
43 70
53 68
18 32
58 70
12 48
15 49
46 81
28 53
54 64
33 52
12 39
17 51
16 68
34 89
39 69
17 87
78 80
28 49
31 51
82 88
5 61
37 62
60 74
73 75
13 80
25 27
13 31
12 79
28 72
31 55
9 55
39 71
15 38
29 46
32 86
43 77
30 53
48 87
29 57
77 78
19 57
2 77
14 80
61 86
18 25
15 18
16 31
16 42
42 44
24 25
53 73
35 70
69 73
26 84
34 78
21 26
20 68
82 86
27 70
40 53
26 46
2 39
4 10
17 46
11 73
1 32
18 34
15 77
69 75
26 45
32 66
30 89
52 80
18 31
7 89
4 14
33 55
39 64
10 11
34 53
17 18
12 60
13 52
65 78
72 81
2 22
32 46
48 89
48 90
17 45
11 70
9 54
20 73
40 80
7 64
2 50
41 68
39 65
43 44
32 38
39 68
43 54
62 82
28 73
57 87
8 35
37 55
1 79
76 81
6 16
30 40
43 48
44 75
13 60
22 69
24 82
5 16
10 23
32 57
10 28
40 64
9 66
22 51
64 69
51 69
20 59
46 70
66 78
26 69
8 11
50 74
13 50
14 25
80 90
24 56
23 33
23 77
17 78
34 37
42 82
83 85
20 76
14 64
2 45
33 62
60 62
24 83
49 51
71 77
46 60
42 90
49 76
36 84
46 49
12 53
77 83
9 38
58 62
19 69
14 17
73 81
41 80
51 66
41 46
6 11
64 87
8 33
4 83
6 55
55 68
44 57
53 88
42 59
2 67
11 83
29 44
59 81
43 57
14 66
33 48
17 58
3 71
57 73
32 74
3 51
26 37
8 10
30 63
6 47
32 47
44 64
30 32
29 54
51 85
57 71
39 70
1 87
3 28
39 67
8 38
7 83
21 44
51 90
2 33
2 40
50 55
49 61
2 32
38 71
23 67
72 88
4 52
23 37
35 55
28 34
27 39
4 71
22 55
37 53
23 90
4 12
24 50
8 88
56 57
45 83
35 43
13 82
14 22
23 39
43 84
15 27
56 89
32 51
2 59
59 80
29 71
75 84
45 71
39 72
76 86
60 72
66 84
82 83
29 78
34 82
17 70
2 23
3 22
18 42
31 57
6 75
17 80
19 34
19 50
41 66
34 39
29 48
30 39
4 81
61 80
39 86
16 24
53 55
19 55
39 57
21 36
32 53
39 82
6 68
40 75
36 71
4 5
21 67
34 49
65 68
12 44
31 73
22 56
23 49
49 84
51 80
18 86
13 28
47 71
21 83
5 83
28 77
27 52
30 72
76 90
13 29
60 71
9 50
20 54
18 51
14 87
5 81
3 78
46 57
49 83
29 50
71 82
19 89
13 30
17 88
37 45
4 73
34 70
47 59
48 50
3 45
58 59
11 12
63 90
12 17
34 41
73 80
16 29
19 48
39 84
1 23
25 67
36 64
61 81
42 87
48 75
63 67
30 33
23 89
13 39
66 69
38 39
15 82
55 86
12 54
81 85
11 27
81 84
36 50
68 87
72 73
23 47
8 9
34 45
44 63
32 33
47 84
4 9
49 71
37 76
33 78
15 68
15 67
1 55
62 73
9 81
27 67
52 85
4 64
26 82
68 75
15 90
19 63
7 40
32 64
9 16
10 27
14 36
2 74
63 68
3 65
28 45
4 37
27 71
10 40
20 64
49 50
19 28
13 59
6 86
25 61
18 69
18 77
4 88
47 63
51 78
13 22
9 23
47 49
16 82
7 20
31 68
27 31
7 70
23 27
10 48
11 72
48 53
13 41
36 81
25 45
38 72
21 61
16 23
35 85
10 34
6 53
44 86
24 68
2 81
50 83
62 77
26 40
19 73
37 44
52 53
36 52
30 51
3 57
72 77
69 70
15 25
80 84
24 39
24 63
5 38
17 74
55 59
6 63
44 76
5 49
59 66
36 43
50 87
21 84
13 51
36 38
17 82
11 74
37 83
15 48
47 62
11 20
43 78
28 81
14 34
84 87
5 63
16 36
42 77
70 73
48 60
42 57
25 77
7 56
5 56
3 33
25 78
61 88
9 39
48 80
28 33
54 84
8 12
57 80
12 16
63 76
55 85
9 61
10 65
59 75
22 35
87 88
40 83
3 32
52 61
35 47
61 82
2 73
57 84
46 82
29 66
3 24
14 30
27 74
33 45
21 33
42 56
75 87
5 15
53 66
14 46
13 45
65 66
17 61
43 83
59 78
44 79
35 86
36 77
4 66
53 70
2 72
12 33
9 67
7 55
56 84
32 73
33 72
37 89
59 84
14 62
46 66
13 35
72 86
7 87
23 87
27 81
33 75
20 69
11 52
17 72
74 81
56 72
20 82
41 87
7 60
12 81
19 62
25 33
12 78
73 74
52 71
6 69
13 84
9 43
26 63
53 89
4 87
71 79
47 83
18 20
19 46
2 5
18 84
10 77
26 47
40 63
17 39
87 89
37 70
4 70
49 89
72 82
70 88
62 70
28 62
14 59
86 88
16 48
35 61
76 87
4 48
11 62
39 54
23 43
12 19
56 64
10 26
18 22
29 56
29 76
47 66
41 54
29 35
45 52
42 62
19 77
57 81
18 79
3 43
41 89
23 28
46 48
23 30
5 67
30 80
51 65
29 81
2 60
39 78
30 66
29 52
17 66
14 26
45 55
12 62
3 90
50 66
6 50
3 17
32 88
27 35
39 62
36 57
47 87
70 74
13 47
58 68
21 86
80 81
4 13
34 64
29 90
59 89
6 81
34 61
16 59
11 44
26 54
48 69
29 59
5 17
39 46
6 42
69 78
24 31
18 73
24 64
25 69
54 74
10 64
33 88
17 89
14 45
47 51
43 51
5 58
6 8
59 69
21 52
45 49
12 57
18 38
27 48
20 38
23 24
48 88
5 39
52 59
88 89
33 50
15 57
18 26
46 90
48 84
9 80
20 67
4 89
39 56
47 73
59 77
14 18
18 76
64 85
28 59
21 46
28 60
5 19
12 75
67 86
1 72
16 51
17 54
25 83
22 80
13 85
28 64
39 50
18 23
7 79
16 53
7 66
36 54
63 73
2 71
25 70
2 43
19 53
28 46
58 60
31 42
10 88
26 51
17 69
70 79
53 90
45 65
2 82
38 64
73 77
3 66
13 48
66 70
7 62
28 89
6 20
27 87
29 31
14 44
32 58
17 27
5 8
10 90
30 55
81 88
17 26
41 42
16 26
42 73
61 66
5 74
56 58
26 41
67 84
7 24
82 89
5 54
66 87
74 85
7 57
6 72
4 67
13 27
43 82
16 33
38 84
46 64
13 44
58 81
17 50
13 68
13 34
11 76
39 85
9 49
74 76
10 18
13 46
45 66
35 50
30 76
15 21
25 59
20 35
66 76
53 61
11 38
27 72
19 59
60 61
8 47
50 90
8 80
4 42
12 55
26 27
43 81
13 73
27 69
11 80
14 23
38 61
8 65
52 87
13 14
35 83
41 64
56 69
5 29
18 74
48 86
50 60
59 88
26 62
70 84
63 85
7 11
69 71
36 53
78 85
33 90
12 56
30 56
16 47
75 83
37 84
76 88
25 86
37 46
1 77
17 29
26 75
11 36
3 48
11 66
42 69
45 77
60 75
22 90
1 38
30 82
23 71
48 59
35 80
36 67
54 55
20 87
19 27
14 65
22 28
58 80
32 85
21 22
47 65
22 30
14 32
7 28
8 32
61 71
15 69
33 47
24 69
6 7
3 52
40 56
8 76
41 55
15 24
73 78
74 84
22 88
33 81
53 82
46 79
66 77
21 75
49 64
7 53
3 20
80 89
2 85
35 46
71 80
5 59
9 47
3 74
36 79
20 41
5 72
30 60
25 34
59 74
54 88
32 41
36 86
7 29
22 77
23 42
45 64
24 29
31 38
11 19
29 58
20 75
28 52
30 58
10 36
1 28
13 89
31 67
49 74
38 62
44 68
55 63
10 76
2 35
5 64
22 36
1 53
15 53
27 42
44 72
24 85
21 28
6 40
12 90
18 27
26 80
31 82
11 54
43 59
62 78
7 21
24 74
35 88
13 21
50 53
14 33
23 32
4 74
6 52
74 80
1 26
19 47
33 63
15 39
33 49
58 71
63 78
2 30
67 85
78 86
3 77
63 77
54 70
8 44
67 79
71 81
9 19
3 87
41 45
47 76
6 31
29 33
32 78
6 61
1 86
32 89
30 54
29 72
48 73
16 45
86 90
6 12
20 40
11 69
60 68
1 6
23 58
41 90
10 68
1 76
14 77
9 25
4 15
50 82
18 49
47 69
1 2
22 78
40 89
12 64
16 35
20 21
65 77
25 55
78 82
4 76
64 79
27 83
11 86
34 87
27 90
1 29
2 25
1 52
29 45
52 66
42 60
76 89
13 25
42 63
54 56
38 69
15 36
3 58
7 41
11 56
50 68
49 88
18 54
31 33
57 66
40 57
35 66
3 59
60 66
31 35
14 54
2 19
2 37
13 49
23 25
21 40
5 11
35 54
62 79
40 79
27 82
7 33
59 86
19 30
9 17
12 13
1 22
18 19
52 89
61 69
15 30
42 81
29 75
42 46
30 44
82 84
8 19
44 50
14 76
6 84
12 89
3 75
41 73
24 66
15 76
12 76
58 61
44 81
24 71
66 71
3 89
40 76
22 47
5 44
38 67
55 82
33 89
8 39
46 53
66 90
8 62
9 85
20 51
2 41
37 85
6 35
20 71
7 8
10 81
16 60
8 25
31 39
36 68
23 82
27 78
52 75
18 53
51 73
13 78
9 10
1 68
21 69
51 74
45 87
16 72
25 62
25 82
15 83
44 78
22 40
65 85
14 83
20 33
7 82
75 78
47 67
77 90
49 75
15 41
47 72
28 65
12 36
51 87
37 71
9 46
30 74
28 76
14 50
67 82
52 67
6 25
75 77
32 90
6 74
31 60
38 82
22 87
43 56
51 64
23 34
36 45
39 51
42 61
59 65
17 67
3 67
22 65
44 55
12 82
9 89
36 83
61 87
42 47
4 63
5 86
9 73
23 48
13 24
58 77
28 42
6 48
53 76
16 20
35 51
9 51
55 66
2 12
29 41
31 49
5 70
54 58
8 50
49 90
33 80
4 36
11 31
47 60
37 63
