20 190
2 3
10 17
3 6
2 15
2 13
9 11
1 17
7 20
1 3
4 12
1 14
1 4
3 7
12 19
13 17
10 20
7 8
7 19
6 14
4 9
8 10
4 8
1 16
8 19
1 20
2 5
8 16
9 14
9 20
15 16
2 17
6 7
1 15
10 14
6 17
5 20
10 15
13 18
14 17
11 12
1 7
7 9
5 14
7 12
4 18
7 14
10 11
13 16
17 20
8 17
7 10
3 11
6 16
1 13
1 11
2 18
1 6
8 14
5 6
11 14
9 18
5 10
2 10
3 9
6 13
15 18
14 19
11 15
6 15
9 13
12 18
11 17
8 9
9 15
10 13
5 17
4 7
7 17
2 8
16 20
7 15
10 12
12 17
5 15
5 7
7 13
12 13
18 20
1 12
18 19
16 19
13 14
2 16
3 20
5 18
2 6
10 19
6 9
2 14
9 12
15 19
9 16
6 12
17 18
5 11
3 18
1 5
14 18
2 7
6 11
3 13
14 15
14 16
4 5
5 19
14 20
8 11
4 20
3 15
8 12
8 13
15 20
8 18
12 15
8 15
11 18
2 11
4 11
10 16
15 17
4 14
17 19
2 4
2 19
3 16
3 12
11 20
1 9
11 13
2 20
4 15
7 16
1 19
1 2
13 19
5 8
13 15
6 18
4 19
10 18
7 18
5 9
4 13
6 10
16 17
5 12
3 4
1 18
12 20
6 8
3 10
6 20
3 5
1 10
3 17
4 6
1 8
6 19
9 17
5 13
2 9
4 16
16 18
9 10
13 20
8 20
3 19
4 10
11 19
2 12
19 20
12 14
3 14
7 11
12 16
11 16
4 17
3 8
5 16
9 19
